%YAML:1.0
CamIntrinsic: !!opencv-matrix
   rows: 3
   cols: 3
   dt: f
   data: [ 569.30889893, 0., 337.57064819, 0., 571.58618164,
       284.48663330, 0., 0., 1. ]
