%YAML:1.0
pro2CamExtrinsic: !!opencv-matrix
   rows: 4
   cols: 4
   dt: f
   data: [ 0.99839997, 2.19999999e-003, 0.05630000, -6.21339989,
       -0.01240000, 0.98310000, 0.18240000, -33.33209991, -0.05490000,
       -0.18279999, 0.98159999, 12.15180016, 0., 0., 0., 1. ]
