%YAML:1.0
CamIntrinsic: !!opencv-matrix
   rows: 3
   cols: 3
   dt: f
   data: [ 717.30889893, 0., 381.57064819, 0., 722.58618164,
       238.48663330, 0., 0., 1. ]
