%YAML:1.0
ProIntrinsic: !!opencv-matrix
   rows: 3
   cols: 3
   dt: f
   data: [ 1.48162048e+003, 0., 498.76577759, 0., 1.47708960e+003,
       206.86279297, 0., 0., 1. ]
