%YAML:1.0
HomoMat: !!opencv-matrix
   rows: 3
   cols: 3
   dt: f
   data: [ 1.79244566, -0.09704323, -148.71589661, -0.02892160,
       1.73529601, -94.68931580, -8.82679160e-005, -2.21824012e-004, 1. ]
