%YAML:1.0
HomoMat: !!opencv-matrix
   rows: 3
   cols: 3
   dt: f
   data: [ 1.40873194, -0.05583389, -127.58902740, 0.05946665,
       1.37103653, -193.54080200, -1.41339828e-004, -9.49444875e-005, 1. ]
